70	1.71e-06
70.1	1.67e-06
70.2	1.63e-06
70.3	1.59e-06
70.4	1.56e-06
70.5	1.52e-06
70.6	1.49e-06
70.7	1.45e-06
70.8	1.42e-06
70.9	1.38e-06
71	1.35e-06
71.1	1.32e-06
71.2	1.29e-06
71.3	1.26e-06
71.4	1.23e-06
71.5	1.20e-06
71.6	1.17e-06
71.7	1.14e-06
71.8	1.11e-06
71.9	1.09e-06
72	1.06e-06
72.1	1.04e-06
72.2	1.01e-06
72.3	9.85e-07
72.4	9.61e-07
72.5	9.38e-07
72.6	9.15e-07
72.7	8.92e-07
72.8	8.70e-07
72.9	8.48e-07
73	8.27e-07
73.1	8.06e-07
73.2	7.86e-07
73.3	7.66e-07
73.4	7.47e-07
73.5	7.28e-07
73.6	7.10e-07
73.7	6.92e-07
73.8	6.74e-07
73.9	6.57e-07
74	6.40e-07
74.1	6.23e-07
74.2	6.07e-07
74.3	5.91e-07
74.4	5.76e-07
74.5	5.61e-07
74.6	5.46e-07
74.7	5.32e-07
74.8	5.18e-07
74.9	5.04e-07
75	4.91e-07
75.1	4.78e-07
75.2	4.65e-07
75.3	4.53e-07
75.4	4.40e-07
75.5	4.29e-07
75.6	4.17e-07
75.7	4.06e-07
75.8	3.95e-07
75.9	3.84e-07
76	3.73e-07
76.1	3.63e-07
76.2	3.53e-07
76.3	3.43e-07
76.4	3.34e-07
76.5	3.24e-07
76.6	3.15e-07
76.7	3.07e-07
76.8	2.98e-07
76.9	2.90e-07
77	2.81e-07
77.1	2.73e-07
77.2	2.66e-07
77.3	2.58e-07
77.4	2.51e-07
77.5	2.43e-07
77.6	2.36e-07
77.7	2.30e-07
77.8	2.23e-07
77.9	2.16e-07
78	2.10e-07
78.1	2.04e-07
78.2	1.98e-07
78.3	1.92e-07
78.4	1.86e-07
78.5	1.81e-07
78.6	1.75e-07
78.7	1.70e-07
78.8	1.65e-07
78.9	1.60e-07
79	1.55e-07
79.1	1.50e-07
79.2	1.46e-07
79.3	1.41e-07
79.4	1.37e-07
79.5	1.33e-07
79.6	1.29e-07
79.7	1.25e-07
79.8	1.21e-07
79.9	1.17e-07
80	1.13e-07
80.1	1.10e-07
80.2	1.06e-07
80.3	1.03e-07
80.4	9.96e-08
80.5	9.64e-08
80.6	9.33e-08
80.7	9.03e-08
80.8	8.74e-08
80.9	8.46e-08
81	8.18e-08
81.1	7.91e-08
81.2	7.65e-08
81.3	7.40e-08
81.4	7.16e-08
81.5	6.92e-08
81.6	6.69e-08
81.7	6.46e-08
81.8	6.25e-08
81.9	6.04e-08
82	5.83e-08
82.1	5.63e-08
82.2	5.44e-08
82.3	5.25e-08
82.4	5.07e-08
82.5	4.90e-08
82.6	4.73e-08
82.7	4.56e-08
82.8	4.40e-08
82.9	4.25e-08
83	4.10e-08
83.1	3.96e-08
83.2	3.81e-08
83.3	3.68e-08
83.4	3.55e-08
83.5	3.42e-08
83.6	3.30e-08
83.7	3.18e-08
83.8	3.06e-08
83.9	2.95e-08
84	2.84e-08
84.1	2.74e-08
84.2	2.63e-08
84.3	2.54e-08
84.4	2.44e-08
84.5	2.35e-08
84.6	2.26e-08
84.7	2.18e-08
84.8	2.09e-08
84.9	2.01e-08
85	1.94e-08
85.1	1.86e-08
85.2	1.79e-08
85.3	1.72e-08
85.4	1.65e-08
85.5	1.59e-08
85.6	1.53e-08
85.7	1.47e-08
85.8	1.41e-08
85.9	1.35e-08
86	1.30e-08
86.1	1.25e-08
86.2	1.20e-08
86.3	1.15e-08
86.4	1.10e-08
86.5	1.06e-08
86.6	1.01e-08
86.7	9.71e-09
86.8	9.31e-09
86.9	8.92e-09
87	8.55e-09
87.1	8.19e-09
87.2	7.84e-09
87.3	7.51e-09
87.4	7.19e-09
87.5	6.88e-09
87.6	6.59e-09
87.7	6.30e-09
87.8	6.03e-09
87.9	5.76e-09
88	5.51e-09
88.1	5.27e-09
88.2	5.04e-09
88.3	4.81e-09
88.4	4.60e-09
88.5	4.39e-09
88.6	4.19e-09
88.7	4.00e-09
88.8	3.82e-09
88.9	3.64e-09
89	3.48e-09
89.1	3.32e-09
89.2	3.16e-09
89.3	3.01e-09
89.4	2.87e-09
89.5	2.74e-09
89.6	2.61e-09
89.7	2.48e-09
89.8	2.36e-09
89.9	2.25e-09
90	2.14e-09
90.1	2.04e-09
90.2	1.94e-09
90.3	1.84e-09
90.4	1.75e-09
90.5	1.66e-09
90.6	1.58e-09
90.7	1.50e-09
90.8	1.42e-09
90.9	1.35e-09
91	1.28e-09
91.1	1.22e-09
91.2	1.15e-09
91.3	1.09e-09
91.4	1.04e-09
91.5	9.83e-10
91.6	9.31e-10
91.7	8.81e-10
91.8	8.34e-10
91.9	7.89e-10
92	7.47e-10
92.1	7.06e-10
92.2	6.67e-10
92.3	6.30e-10
92.4	5.96e-10
92.5	5.62e-10
92.6	5.31e-10
92.7	5.01e-10
92.8	4.72e-10
92.9	4.45e-10
93	4.20e-10
93.1	3.95e-10
93.2	3.72e-10
93.3	3.51e-10
93.4	3.30e-10
93.5	3.10e-10
93.6	2.92e-10
93.7	2.74e-10
93.8	2.58e-10
93.9	2.42e-10
94	2.27e-10
94.1	2.13e-10
94.2	2.00e-10
94.3	1.87e-10
94.4	1.75e-10
94.5	1.64e-10
94.6	1.54e-10
94.7	1.44e-10
94.8	1.34e-10
94.9	1.25e-10
95	1.17e-10
95.1	1.09e-10
95.2	1.02e-10
95.3	9.50e-11
95.4	8.85e-11
95.5	8.24e-11
95.6	7.67e-11
95.7	7.13e-11
95.8	6.63e-11
95.9	6.16e-11
96	5.71e-11
96.1	5.30e-11
96.2	4.91e-11
96.3	4.55e-11
96.4	4.21e-11
96.5	3.89e-11
96.6	3.59e-11
96.7	3.32e-11
96.8	3.06e-11
96.9	2.82e-11
97	2.60e-11
97.1	2.39e-11
97.2	2.19e-11
97.3	2.01e-11
97.4	1.85e-11
97.5	1.69e-11
97.6	1.55e-11
97.7	1.42e-11
97.8	1.29e-11
97.9	1.18e-11
98	1.07e-11
98.1	9.77e-12
98.2	8.87e-12
98.3	8.05e-12
98.4	7.29e-12
98.5	6.60e-12
98.6	5.96e-12
98.7	5.38e-12
98.8	4.84e-12
98.9	4.35e-12
99	3.90e-12
99.1	3.50e-12
99.2	3.13e-12
99.3	2.79e-12
99.4	2.48e-12
99.5	2.20e-12
99.6	1.95e-12
99.7	1.73e-12
99.8	1.52e-12
99.9	1.34e-12
100	1.18e-12
100.1	1.03e-12
100.2	8.96e-13
100.3	7.79e-13
100.4	6.75e-13
100.5	5.83e-13
100.6	5.01e-13
100.7	4.29e-13
100.8	3.66e-13
100.9	3.11e-13
101	2.63e-13
101.1	2.21e-13
101.2	1.85e-13
101.3	1.53e-13
101.4	1.27e-13
101.5	1.04e-13
101.6	8.48e-14
101.7	6.85e-14
101.8	5.49e-14
101.9	4.36e-14
102	3.43e-14
102.1	2.67e-14
102.2	2.05e-14
102.3	1.56e-14
102.4	1.16e-14
102.5	8.55e-15
102.6	6.17e-15
102.7	4.36e-15
102.8	3.01e-15
102.9	2.02e-15
103	1.31e-15
103.1	8.22e-16
103.2	4.91e-16
103.3	2.78e-16
103.4	1.47e-16
103.5	7.08e-17
103.6	3.03e-17
103.7	1.10e-17
103.8	3.12e-18
103.9	5.82e-19
104	4.68e-20
104.1	2.43e-22
